S1 S2 S3 S4 S5 S6 S7 S8
A[C>A]A 0.088 0.111 0.307 0.082 0.058 0.141 0.066 0.239
A[C>A]C 0.051 0.046 0.117 0.058 0.018 0.113 0.04 0.23
A[C>A]G 0.023 0.009 0.014 0.007 0 0.019 0.025 0.031
A[C>A]T 0.076 0.006 0.101 0.03 0.011 0.124 0.013 0.235
C[C>A]A 0.001 0.054 0.25 0.047 0.054 0.057 0.043 0.247
C[C>A]C 0.033 0.018 0.077 0.023 0.086 0.049 0.018 0.249
C[C>A]G 0.012 0.016 0.032 0.005 0.012 0.01 0.02 0.033
C[C>A]T 0.032 0 0.133 0 0.165 0.05 0.011 0.244
G[C>A]A 0 0.071 0.286 0.045 0.015 0.048 0.05 0.146
G[C>A]C 0.009 0.023 0.088 0.022 0.013 0.041 0.034 0.167
G[C>A]G 0.006 0.013 0.031 0.01 0.004 0.007 0.022 0.026
G[C>A]T 0.001 0.022 0.171 0.032 0.024 0.043 0.019 0.154
T[C>A]A 0 0.104 0.314 0.156 0.017 0.085 0.05 0.142
T[C>A]C 0 0.082 0.206 0.088 0.021 0.073 0.041 0.159
T[C>A]G 0.009 0.019 0.042 0.018 0.002 0.009 0.018 0.013
T[C>A]T 0.036 0.142 0.61 0.159 0.085 0.114 0.033 0.205
A[C>G]A 0.084 0.023 0.003 0.055 0.03 0.067 0.074 0.128
A[C>G]C 0.02 0.026 0.033 0.048 0.004 0.036 0.041 0.068
A[C>G]G 0.019 0 0.003 0.006 0 0.032 0.028 0.02
A[C>G]T 0.055 0.01 0.005 0.076 0.005 0.104 0.043 0.124
C[C>G]A 0.033 0.012 0 0.031 0 0.024 0.035 0.09
C[C>G]C 0.03 0.013 0.001 0.035 0.004 0.024 0.041 0.078
C[C>G]G 0.017 0.017 0.013 0.017 0 0.01 0.022 0.025
C[C>G]T 0.023 0.03 0.001 0.076 0.002 0.039 0.048 0.113
G[C>G]A 0.023 0.016 0.006 0.025 0.004 0.016 0.039 0.057
G[C>G]C 0.02 0.009 0.024 0.015 0.008 0.036 0.04 0.07
G[C>G]G 0.008 0.013 0.004 0.01 0.001 0.006 0.028 0.014
G[C>G]T 0.024 0.013 0.003 0.028 0.005 0.035 0.04 0.104
T[C>G]A 0.032 0 0.001 0.354 0.002 0.026 0.063 0.052
T[C>G]C 0.02 0.016 0.013 0.15 0.004 0.027 0.054 0.082
T[C>G]G 0.017 0.007 0.006 0.016 0 0.012 0.033 0.014
T[C>G]T 0.074 0.009 0.024 0.538 0.025 0.059 0.094 0.128
A[C>T]A 0.291 0.084 0.041 0.055 0.359 0.12 0.216 0.177
A[C>T]C 0.088 0.051 0.059 0.047 0.044 0.04 0.125 0.075
A[C>T]G 1.322 0.17 0.388 0.071 0.263 0 0.16 0.004
A[C>T]T 0.16 0.028 0.043 0.035 0.056 0.094 0.163 0.152
C[C>T]A 0.06 0.08 0.123 0.11 0.039 0.038 0.16 0.114
C[C>T]C 0.055 0.068 0.104 0.073 0.048 0.036 0.14 0.097
C[C>T]G 0.742 0.069 0.229 0.035 0.194 0.007 0.187 0.028
C[C>T]T 0.1 0.065 0.102 0.087 0.052 0.086 0.159 0.183
G[C>T]A 0.088 0.064 0.067 0.07 0.166 0.052 0.136 0.12
G[C>T]C 0.044 0.104 0.1 0.058 0.161 0.048 0.106 0.094
G[C>T]G 0.973 0.198 0.336 0.057 0.331 0.038 0.07 0.01
G[C>T]T 0.085 0.072 0.08 0.046 0.108 0.059 0.131 0.128
T[C>T]A 0 0.08 0.185 0.538 0.046 0.057 0.16 0.04
T[C>T]C 0.035 0.095 0.182 0.227 0.053 0.079 0.157 0.058
T[C>T]G 0.496 0.075 0.178 0.073 0.112 0.012 0.134 0.008
T[C>T]T 0.063 0.163 0.258 0.348 0.086 0.111 0.2 0.101
A[T>A]A 0.04 0.149 0.141 0.062 0.052 0.084 0.075 0.086
A[T>A]C 0.032 0.044 0.041 0.026 0.014 0.043 0.042 0.071
A[T>A]G 0.031 0.042 0.047 0.03 0.007 0.036 0.054 0.101
A[T>A]T 0.041 0.116 0.171 0.066 0.185 0.089 0.035 0.118
C[T>A]A 0.017 0.02 0.029 0.016 0.007 0.037 0.019 0.099
C[T>A]C 0.04 0.031 0.02 0.025 0.036 0.037 0.017 0.136
C[T>A]G 0.031 0.025 0.033 0.02 0.006 0.026 0.035 0.142
C[T>A]T 0.025 0.011 0.024 0.029 0.015 0.064 0.037 0.206
G[T>A]A 0.014 0.023 0.017 0.011 0.006 0.033 0.019 0.059
G[T>A]C 0.006 0.022 0.012 0.013 0.01 0.02 0.022 0.055
G[T>A]G 0.039 0.044 0.03 0.02 0.034 0.02 0.022 0.084
G[T>A]T 0.028 0.007 0.018 0.019 0.015 0.035 0.025 0.122
T[T>A]A 0.056 0.116 0.236 0.143 0.14 0.154 0.033 0.035
T[T>A]C 0.026 0.017 0.021 0.026 0.006 0.056 0.011 0.084
T[T>A]G 0.004 0.014 0.032 0.022 0.011 0.028 0.024 0.068
T[T>A]T 0.148 0.058 0.116 0.072 0.317 0.131 0 0.172
A[T>C]A 0.159 0.237 0.129 0.125 0.167 0.193 0.327 0.097
A[T>C]C 0.071 0.098 0.033 0.034 0.028 0.075 0.138 0.052
A[T>C]G 0.117 0.126 0.064 0.048 0.077 0.064 0.372 0.076
A[T>C]T 0.109 0.13 0.088 0.076 0.027 0.1 0.291 0.119
C[T>C]A 0.035 0.077 0.051 0.042 0.051 0.062 0.134 0.05
C[T>C]C 0.089 0.227 0.037 0.067 0.034 0.081 0.117 0.083
C[T>C]G 0.126 0.164 0.045 0.03 0.074 0.037 0.299 0.065
C[T>C]T 0.115 0.071 0.017 0.029 0.11 0.056 0.163 0.076
G[T>C]A 0.032 0.111 0.066 0.049 0.089 0.071 0.151 0.043
G[T>C]C 0.051 0.122 0.052 0.039 0.029 0.052 0.127 0.038
G[T>C]G 0.095 0.216 0.072 0.057 0.073 0.035 0.287 0.045
G[T>C]T 0.05 0.121 0.061 0.082 0.049 0.055 0.172 0.051
T[T>C]A 0.067 0.083 0.057 0.073 0.056 0.174 0.117 0.018
T[T>C]C 0.078 0.104 0.061 0.044 0.103 0.125 0.123 0.039
T[T>C]G 0.054 0.119 0.065 0.015 0.049 0.04 0.248 0.036
T[T>C]T 0.194 0.079 0.032 0.024 0.465 0.087 0.116 0.072
A[T>G]A 0.074 0.08 0.055 0.032 0.008 0.162 0.037 0.021
A[T>G]C 0.02 0.047 0.011 0.014 0.003 0.045 0.033 0.008
A[T>G]G 0.045 0.088 0.012 0.006 0 0.042 0.069 0.06
A[T>G]T 0.037 0.037 0.018 0.039 0.008 0.155 0.038 0.017
C[T>G]A 0.001 0.034 0.015 0.021 0.005 0.032 0.027 0.02
C[T>G]C 0.015 0.062 0.012 0.022 0.013 0.045 0.035 0.029
C[T>G]G 0.041 0.074 0.011 0.023 0.013 0.029 0.05 0.071
C[T>G]T 0.034 0.029 0.014 0.05 0.015 0.231 0.024 0
G[T>G]A 0.025 0.093 0.006 0.026 0.001 0.03 0.035 0.019
G[T>G]C 0.026 0.124 0.004 0.018 0 0.03 0.027 0.013
G[T>G]G 0.125 0.957 0 0.152 0 0.056 0 0.049
G[T>G]T 0.05 0.07 0.011 0.027 0.048 0.068 0.05 0.033
T[T>G]A 0.039 0.032 0.007 0.035 0.002 0.147 0.032 0.018
T[T>G]C 0.025 0.022 0.015 0.023 0.003 0.086 0.038 0.014
T[T>G]G 0.055 0.051 0.022 0.021 0.053 0.051 0.049 0.056
T[T>G]T 0.186 0.041 0.006 0.047 0.253 0.386 0.001 0
